0.0	0	0
0.1	0	0
0.2	0	0
0.3	0	0
0.4	0	0
0.5	0	0
0.7	0	0
0.9	0	0
1.0	0	0
1.1	0	0
1.2	0	0
1.3	0	0
1.4	0	0
1.5	0	0
1.6	0	0
1.8	0	0
1.9	0	0
2.1	0	0
2.2	0	0
2.3	0	0
2.4	0	0
2.5	0	0
2.6	0	0
2.7	0	0
2.9	0	0
3.0	0	0
3.1	0	0
3.3	0	0
3.4	0	0
3.5	0	0
3.6	0	0
3.8	0	0
3.9	0	0
4.1	1	1
4.2	1	1
4.3	1	1
4.4	1	1
4.5	1	1
4.7	1	1
4.8	1	1
4.9	1	1
5.1	1	1
5.2	1	1
5.4	1	1
5.5	1	1
5.6	1	1
5.7	1	1
5.8	1	1
6.0	0	0
6.2	0	0
6.3	0	0
6.4	0	0
6.5	0	0
6.7	0	0
6.8	0	0
6.9	0	0
7.0	0	0
7.2	0	0
7.4	0	0
7.5	0	0
7.6	0	0
7.7	0	0
7.9	0	0
8.0	0	0
8.1	0	0
8.3	0	0
8.5	0	0
8.7	0	0
8.8	1	1
9.0	1	1
9.1	1	1
9.3	1	1
9.4	1	1
9.5	1	1
9.7	1	1
9.8	1	1
10.1	1	1
10.2	1	1
10.4	1	1
10.5	1	1
10.7	1	1
10.8	1	1
11.0	1	1
11.1	1	1
11.2	1	1
11.4	1	1
11.6	1	1
11.8	1	1
11.9	1	1
12.1	1	1
12.2	1	1
12.3	1	1
12.5	1	1
12.6	1	1
12.8	1	1
12.9	0	0
13.2	0	0
13.3	0	0
13.5	0	0
13.6	0	0
13.8	0	0
13.9	1	1
14.1	1	1
14.2	1	1
14.3	1	1
14.5	1	1
14.7	1	1
14.9	1	1
15.0	1	1
15.2	1	1
15.3	1	1
15.4	1	1
15.6	0	0
15.7	0	0
15.9	0	0
16.0	0	0
16.3	0	0
16.4	0	0
16.6	0	0
16.7	0	0
16.9	0	0
17.0	0	0
17.1	0	0
17.3	0	0
17.4	0	0
17.6	0	0
17.8	0	0
18.0	0	0
18.1	0	0
18.3	0	0
18.4	0	0
18.6	0	0
18.7	0	0
18.9	0	0
19.0	0	0
19.2	1	1
19.4	0	0
19.6	0	0
19.7	0	0
19.9	0	0
20.0	0	0
20.2	0	0
20.3	0	0
20.5	0	0
20.6	0	0
20.8	0	0
21.0	0	0
21.2	0	0
21.3	0	0
21.5	1	1
21.6	1	1
21.7	1	1
21.9	1	1
22.0	1	1
22.2	1	1
22.3	1	1
22.6	1	1
22.8	1	1
22.9	1	1
23.1	1	1
23.2	1	1
23.4	1	1
23.5	1	1
23.7	1	1
23.8	1	1
23.9	1	1
24.2	1	1
24.3	1	1
24.5	1	1
24.6	1	1
24.8	1	1
24.9	1	1
25.1	1	1
25.2	1	1
25.4	1	1
25.5	0	0
25.8	0	0
25.9	0	0
26.1	0	0
26.2	0	0
26.4	0	0
26.5	0	0
26.7	0	0
26.8	0	0
27.0	0	0
27.1	0	0
27.4	0	0
27.5	0	0
27.7	0	0
27.8	0	0
28.0	0	0
28.1	0	0
28.2	0	0
28.4	1	1
28.5	1	1
28.7	1	1
28.9	1	1
29.1	1	1
29.2	1	1
29.4	1	1
29.5	1	1
29.7	1	1
29.8	1	1
30.0	1	1
30.1	1	1
30.3	1	1
30.5	1	1
30.7	1	1
30.8	1	1
31.0	1	1
31.1	1	1
31.3	1	1
31.4	1	1
31.6	1	1
31.7	1	1
31.9	1	1
32.1	1	1
32.3	1	1
32.4	1	1
32.6	1	1
32.7	0	0
32.9	0	0
33.0	0	0
33.2	1	1
33.3	0	0
33.5	0	0
33.7	0	0
33.9	0	0
34.0	0	0
34.2	0	0
34.3	0	0
34.5	0	0
34.6	0	0
34.8	0	0
34.9	0	0
35.1	0	0
35.3	0	0
35.5	0	0
35.6	0	0
35.8	0	0
36.0	0	0
36.1	0	0
36.3	0	0
36.4	0	0
36.6	0	0
36.7	0	0
37.0	0	0
37.1	0	0
37.3	0	0
37.5	0	0
37.6	0	0
37.8	1	1
37.9	0	0
38.1	0	0
38.2	0	0
38.4	0	0
38.6	1	1
38.8	1	1
39.0	1	1
39.1	1	1
39.3	1	1
39.4	1	1
39.6	1	1
39.7	1	1
39.9	1	1
40.0	1	1
40.3	1	1
40.5	1	1
40.6	1	1
40.8	1	1
40.9	1	1
41.1	1	1
41.2	1	1
41.4	1	1
41.5	0	0
41.7	0	0
42.0	0	0
42.1	0	0
42.3	0	0
42.4	0	0
42.6	0	0
42.7	0	0
42.9	0	0
43.0	0	0
43.2	1	1
43.3	1	1
43.6	0	0
43.7	0	0
43.9	0	0
44.0	1	1
44.2	0	0
44.4	0	0
44.5	0	0
44.7	0	0
44.8	0	0
45.0	0	0
45.2	1	1
45.4	1	1
45.5	0	0
45.7	1	1
45.8	1	1
46.0	1	1
46.1	1	1
46.3	1	1
46.5	1	1
46.6	1	1
46.9	1	1
47.0	1	1
47.2	1	1
47.3	1	1
47.5	1	1
47.6	1	1
47.8	1	1
47.9	1	1
48.1	1	1
48.3	1	1
48.5	1	1
48.7	1	1
48.8	1	1
49.0	1	1
49.1	1	1
49.3	1	1
49.4	1	1
49.6	1	1
49.8	1	1
49.9	1	1
50.2	1	1
50.3	1	1
50.5	1	1
50.6	1	1
50.8	1	1
51.0	1	1
51.1	1	1
51.3	1	1
51.4	1	1
51.6	1	1
51.8	1	1
52.0	1	1
52.2	1	1
52.3	1	1
52.5	1	1
52.6	1	1
52.8	1	1
52.9	1	1
53.1	1	1
53.3	1	1
53.5	1	1
53.7	1	1
53.8	1	1
54.0	1	1
54.1	1	1
54.3	1	1
54.5	1	1
54.6	1	1
54.8	1	1
54.9	0	0
55.2	0	0
55.3	0	0
55.5	1	1
55.7	1	1
55.8	1	1
56.0	0	0
56.1	0	0
56.3	0	0
56.5	0	0
56.6	0	0
56.9	0	0
57.0	0	0
57.2	0	0
57.3	0	0
57.5	0	0
57.7	0	0
57.8	0	0
58.0	0	0
58.1	0	0
58.3	0	0
58.5	0	0
58.7	0	0
58.9	0	0
59.0	0	0
59.2	0	0
59.3	0	0
59.5	0	0
59.6	0	0
59.8	0	0
60.0	0	0
60.2	1	1
60.4	1	1
60.5	1	1
60.7	1	1
60.9	1	1
61.0	1	1
61.2	1	1
61.3	1	1
61.5	1	1
61.6	1	1
61.9	1	1
62.1	1	1
62.2	0	0
62.4	0	0
62.6	0	0
62.7	1	1
62.9	0	0
63.0	0	0
63.2	0	0
63.4	0	0
63.6	0	0
63.8	0	0
63.9	0	0
64.1	0	0
64.3	0	0
64.4	0	0
64.6	0	0
64.7	0	0
64.9	0	0
65.1	0	0
65.3	0	0
65.5	0	0
65.6	0	0
65.8	0	0
66.0	0	0
66.1	0	0
66.3	1	1
66.4	1	1
66.6	1	1
66.8	1	1
67.0	1	1
67.2	1	1
67.4	1	1
67.5	1	1
67.7	1	1
67.8	1	1
68.0	1	1
68.2	0	0
68.3	0	0
68.5	0	0
68.7	0	0
68.9	0	0
69.1	0	0
69.2	0	0
69.4	0	0
69.5	1	1
69.7	1	1
69.9	1	1
70.0	1	1
70.2	1	1
70.4	1	1
70.6	1	1
70.8	1	1
70.9	1	1
71.1	1	1
71.2	1	1
71.4	1	1
71.6	1	1
71.7	1	1
71.9	1	1
72.2	1	1
72.3	1	1
72.5	1	1
72.7	1	1
72.8	1	1
73.0	1	1
73.1	1	1
73.3	1	1
73.5	1	1
73.6	1	1
73.9	1	1
74.0	1	1
74.2	1	1
74.3	0	0
74.4	0	0
74.6	0	0
74.7	0	0
74.9	0	0
75.0	0	0
75.2	0	0
75.4	0	0
75.5	0	0
75.7	0	0
75.8	0	0
76.0	0	0
76.1	0	0
76.2	0	0
76.4	0	0
76.5	0	0
76.7	0	0
76.9	0	0
77.0	0	0
77.2	0	0
77.3	0	0
77.5	0	0
77.6	0	0
77.7	0	0
77.9	0	0
78.0	0	0
78.2	0	0
78.4	0	0
78.6	0	0
78.7	0	0
78.8	0	0
79.0	0	0
79.1	0	0
79.3	0	0
79.4	0	0
79.6	0	0
79.7	0	0
80.0	0	0
80.1	0	0
80.3	0	0
80.4	0	0
80.5	0	0
80.7	0	0
80.8	0	0
81.0	0	0
81.1	1	1
81.3	0	0
81.5	0	0
81.7	0	0
81.8	0	0
81.9	0	0
82.1	1	1
82.2	1	1
82.4	1	1
82.5	1	1
82.7	1	1
82.8	1	1
83.1	1	1
83.2	1	1
83.3	1	1
83.5	1	1
83.6	1	1
83.8	1	1
83.9	1	1
84.1	1	1
84.2	1	1
84.4	1	1
84.6	1	1
84.8	0	0
84.9	0	0
85.1	0	0
85.2	0	0
85.3	0	0
85.5	0	0
85.6	0	0
85.8	0	0
85.9	0	0
86.2	0	0
86.3	0	0
86.4	0	0
86.6	0	0
86.7	0	0
86.9	0	0
87.0	0	0
87.2	0	0
87.3	0	0
87.5	0	0
87.7	0	0
87.9	0	0
88.0	0	0
88.2	0	0
88.3	0	0
88.4	0	0
88.6	0	0
88.7	0	0
88.9	0	0
89.0	0	0
89.3	0	0
89.4	0	0
89.5	0	0
89.7	0	0
89.8	0	0
90.0	0	0
